8 8 0 0 0 0 0 0 0 0 0 0 0 0 0 0 0 0 0 0 0 0 0
8 8 0 0 0 0 0 0 0 0 0 0 0 0 0 0 0 0 0 0 0 0 4
0 0 0 0 0 0 0 0 3 3 3 3 3 3 0 0 0 0 0 0 0 0 0
0 0 0 0 0 0 0 0 3 3 3 3 3 3 0 0 0 0 0 0 0 0 0
0 0 0 0 0 0 0 0 3 3 3 3 3 3 0 0 0 0 0 0 0 0 0
0 0 0 0 0 0 0 0 3 3 3 3 3 3 0 0 0 0 0 0 0 0 6
0 0 0 0 0 0 0 0 3 3 3 3 3 3 0 0 0 0 0 0 0 6 6
8 0 0 0 0 0 0 0 3 3 3 3 3 3 0 0 0 0 0 0 0 6 6
8 0 0 0 0 0 0 0 0 0 0 0 0 0 0 0 0 0 0 0 0 0 0
0 0 0 0 0 0 0 0 0 0 0 0 0 0 0 0 0 0 0 0 0 0 0
0 0 0 0 0 0 0 0 0 0 0 0 0 0 0 0 0 0 0 0 0 0 0
1 1 1 1 1 1 1 1 1 1 1 1 1 1 1 1 1 1 1 1 1 1 1
