0  0  0  0  0  0  0  0  0  0  0  0  0  0  0  0  0  0  0  0  0  0  0
0  0  0  0  0  0  0  0  0  0  0  0  0  0  0  0  0  0  0  0  0  0  0
0  0  0  0  0  0  0  0  0  0  0  0  0  0  0  0  0  0  0  0  0  0  0
0  0  0  0  0  0  0  0  5  3 -2  1  4  8  0  0  0  0  0  0  0  0  0
0  0  0  0  0  0  0  0  1 -5 -7 -6 -3  5  0  0  0  0  0  0  0  0  0
0  0  0  0  0  0  0  0 -2 -7 -9 -8 -5  3  0  0  0  0  0  0  0  0  0
0  0  0  0  0  0  0  0  0 -6 -8 -4 -1  6  0  0  0  0  0  0  0  0  0
0  0  0  0  0  0  0  0  2 -2 -4 -1  3 10  0  0  0  0  0  0  0  0  0
0  0  0  0  0  0  0  0  5  4  1  2  6 11  0  0  0  0  0  0  0  0  0
0  0  0  0  0  0  0  0  0  0  0  0  0  0  0  0  0  0  0  0  0  0  0
0  0  0  0  0  0  0  0  0  0  0  0  0  0  0  0  0  0  0  0  0  0  0
0  0  0  0  0  0  0  0  0  0  0  0  0  0  0  0  0  0  0  0  0  0  0
